5 1.003125 1.003125 1.003125 1.164375 1.164375 1.164375 1.025000 1.025000 1.025000 1.531250 1.531250 1.531250 1.489375 1.489375 1.489375 
0 132.951092 166.721009 125.182519 0.764525 0.006985 0.643817 -0.030853 
5 0.962500 0.962500 0.962500 1.062500 1.233750 1.233750 0.285000 2.121250 2.121250 0.545000 1.961250 1.961250 0.640000 0.640000 2.876250 
0 102.104776 152.293791 129.352582 0.721298 0.212064 0.568925 -0.333289 
5 0.978750 0.978750 0.978750 0.987500 0.987500 0.987500 0.660000 1.185000 1.185000 1.091250 1.091250 1.091250 1.125000 1.125000 1.125000 
0 11.072982 173.259858 219.292433 0.987981 -0.140663 -0.063934 0.004401 
5 1.085000 1.085000 1.085000 1.161875 1.161875 1.161875 0.810000 1.284375 1.284375 1.365625 1.365625 1.365625 1.289375 1.289375 1.289375 
0 -36.280575 172.041467 213.509767 0.987981 -0.140663 -0.063934 0.004401 
5 0.700000 1.127500 1.127500 1.308125 1.308125 1.308125 1.138125 1.138125 1.138125 1.649375 1.649375 1.649375 1.565625 1.565625 1.565625 
0 -29.314213 161.518005 194.369411 0.891518 0.447056 -0.070719 -0.018318 
5 0.713750 0.713750 0.713750 1.018750 1.018750 1.018750 0.787500 0.787500 1.912500 1.356250 1.356250 1.356250 1.442500 1.442500 1.442500 
0 97.156629 150.179456 -3.417838 0.446820 0.888806 -0.097339 0.030024 
5 0.718125 0.718125 0.718125 0.910000 0.910000 0.910000 0.706250 0.706250 1.722500 1.185000 1.185000 1.185000 1.442500 1.442500 3.141593 
0 99.506140 156.744337 -12.972205 0.377117 0.920385 -0.096191 0.037702 
5 0.495000 1.570000 1.567898 1.185000 1.185000 1.185000 1.065000 1.065000 1.709375 1.624375 1.624375 1.624375 1.445000 1.445000 1.445000 
0 118.802904 201.214153 124.101877 0.670474 -0.418027 0.483908 0.376234 
