5 0.455239 1.342441 0.660686 1.312432 0.944899 1.307119 0.420898 1.506918 1.535607 1.787674 1.535671 1.872324 1.563586 1.742320 1.693903 
0 -78.550656 176.981870 128.320777 0.077563 -0.987681 -0.134979 -0.015824 
5 0.490239 1.377441 0.860686 2.634932 1.570796 2.629619 1.118398 2.204418 2.233107 2.151424 1.899421 2.236074 1.806086 1.984820 1.936403 
0 -78.839093 172.580212 155.919709 0.077563 -0.987681 -0.134979 -0.015824 
5 1.250419 1.693263 0.641096 1.689912 1.283441 1.455143 0.974592 1.688613 1.799782 3.004223 2.685156 3.141593 2.281535 2.797666 2.190081 
0 -153.915253 199.934071 180.455902 0.058341 -0.993147 -0.094757 0.035733 
5 0.673375 1.455417 0.856799 1.717128 0.730382 1.770397 0.752420 1.535637 1.810662 1.635797 1.567427 1.940132 2.039253 1.702404 2.024884 
0 155.498402 177.949562 153.357445 -0.253959 -0.357521 -0.869099 -0.228800 
5 0.690121 1.329204 0.553744 1.991836 1.074856 1.711534 0.694202 2.144481 1.899743 1.581788 1.916360 1.880804 1.427601 2.123079 1.893280 
0 151.928304 213.407774 200.112840 -0.043388 -0.027685 0.438231 0.897388 
5 0.677362 1.251857 0.489368 2.791796 1.505425 2.613365 0.796224 1.735905 1.466117 1.778771 1.845679 1.460353 2.074085 1.684151 2.240334 
0 33.551396 165.440136 12.778096 0.390944 -0.722699 -0.399711 0.406325 
5 0.863205 2.056493 0.717058 1.955072 0.979608 1.695111 0.958796 2.027345 1.830814 2.769968 3.073391 2.470854 2.827007 2.867737 3.091744 
0 -78.547055 167.959544 157.593156 0.279424 -0.112243 0.943659 -0.137227 
5 0.472969 1.592047 1.271303 1.686382 1.080368 2.418915 0.959915 2.179182 1.829614 2.018969 2.357473 1.742505 2.109475 2.108325 2.121105 
0 -61.638791 186.520195 203.665892 0.978857 -0.060135 -0.029671 0.193243 
5 0.579008 1.601231 1.219377 1.991746 1.063418 1.467489 1.312077 1.608188 1.438065 2.290559 2.357986 2.155756 2.415231 2.777455 2.259759 
0 -70.376252 166.185647 187.535834 0.088119 -0.051642 -0.651342 0.751879 
5 0.548164 1.805770 0.637028 2.589797 1.570796 2.763753 1.101155 1.352358 1.855370 1.789120 1.838132 1.563630 1.905718 1.739560 1.546307 
0 159.262758 134.501882 32.016204 -0.369035 -0.565829 -0.297477 -0.674655 
5 0.704532 1.559499 0.863971 2.794346 1.570796 2.188362 0.752589 1.408082 1.785732 1.690228 1.948070 1.362506 2.676752 3.065704 2.782490 
0 74.107743 94.727062 21.539081 -0.126661 -0.435481 -0.683398 0.572085 
5 0.479538 1.671910 0.537809 1.803770 0.530757 1.462540 0.845263 1.319886 1.967860 1.760874 1.781652 1.938190 1.764521 2.097216 2.145733 
0 22.521073 195.498764 152.241825 0.059195 -0.151769 -0.965027 -0.205388 
5 0.614183 1.426032 1.093620 1.647907 0.838577 1.672337 0.793827 1.887854 1.926064 1.856572 1.737803 2.372332 2.081234 2.085874 1.779786 
0 78.350788 190.687973 87.059606 0.559095 -0.205791 -0.801982 -0.043449 
5 0.495153 1.792950 0.547161 1.666948 0.779992 1.873723 0.819047 1.360665 1.891975 1.331574 1.812771 1.817940 1.458197 1.527350 1.631256 
0 -12.846077 190.930824 141.163404 0.024255 -0.995434 -0.027226 -0.088212 
5 0.502565 1.870849 1.076466 2.748456 1.570796 2.309991 1.247640 2.063201 1.364303 1.811492 2.063067 2.198428 2.027603 1.803217 2.099367 
0 145.568228 155.575475 205.351710 -0.161457 -0.460026 -0.461097 0.741416 
5 0.563049 1.627254 0.675744 1.954296 0.916998 1.736539 0.847568 1.998146 1.638537 1.989658 1.620524 1.290017 2.049761 1.831910 1.831872 
0 -30.648975 193.735804 214.043780 -0.111436 -0.175515 -0.164015 -0.964301 
5 0.762807 2.060720 0.555915 1.325774 0.656081 1.921915 0.823660 1.620024 1.742311 2.642705 3.141593 2.613704 2.807906 2.884853 3.090864 
0 164.453836 201.018001 196.313812 0.541343 -0.735690 0.234414 -0.332804 
5 0.428950 1.502954 0.573803 2.831688 1.570796 2.084949 0.613802 2.088081 1.585098 1.531284 1.344941 1.704202 1.760446 1.399632 1.582809 
0 166.033925 182.267583 15.653380 -0.185396 -0.324407 -0.869649 -0.322644 
5 0.535167 1.908143 0.494342 2.034982 0.615342 1.569074 0.681916 2.076636 1.542824 1.387879 2.075339 1.934103 2.818500 2.863267 3.141593 
0 158.830334 190.187370 199.995782 0.016544 -0.449063 0.006534 -0.893323 
5 0.787912 1.508421 0.450835 1.295239 1.036128 1.930166 0.932377 1.401317 2.058776 1.767821 1.462178 1.997227 1.455621 1.459000 2.117458 
0 136.359369 209.775077 119.470932 0.161819 -0.795985 -0.127099 -0.569271 
5 0.854340 1.557355 1.570796 2.784712 1.570796 2.212859 1.466196 2.296552 2.693287 1.725945 2.294199 1.775666 2.067490 1.561041 2.003765 
0 135.306229 246.888607 41.758660 0.498729 -0.377427 0.773140 -0.105230 
5 0.515408 1.652584 0.834162 2.055676 0.829046 1.632522 1.007695 1.542168 1.997287 1.895336 1.877361 1.845483 1.972275 1.960500 1.726404 
0 132.923484 190.236065 124.578363 0.767227 -0.027223 0.639038 0.047458 
5 0.530859 1.244453 0.673043 1.289216 1.147596 1.896396 0.885728 1.653161 2.096107 2.022611 1.700717 1.339788 1.952306 1.785601 1.992453 
0 91.433176 200.748172 210.580704 0.976845 -0.201504 -0.028914 0.065830 
5 0.601574 1.390341 0.750600 1.443538 0.738945 1.583174 0.630883 1.623019 1.557470 1.352773 1.718473 1.537393 1.426107 1.773268 1.863634 
0 50.953491 189.251057 219.203221 -0.035826 -0.048642 -0.063886 0.996127 
5 0.423767 1.235712 1.037470 2.011246 0.721806 2.004827 0.826306 2.163761 1.438491 1.990521 1.627988 2.075959 1.950944 2.366447 2.293224 
0 -26.176200 176.651008 207.452991 -0.960588 -0.094788 0.081919 -0.248145 
5 0.521524 1.415374 0.674046 1.753305 0.709530 1.588845 0.879780 1.583296 1.667550 2.161035 1.487615 1.490615 1.997206 1.904379 2.035303 
0 -9.693522 185.306508 213.034905 0.955094 -0.098539 0.033063 0.277474 
5 0.562383 1.692353 0.528064 1.750758 0.698642 1.958274 0.686484 2.177894 2.029079 1.862514 1.980292 1.395953 1.801422 2.194554 1.933018 
0 106.343270 184.952457 211.342963 0.994592 -0.029587 -0.000769 0.099554 
5 0.534775 1.746278 0.538537 2.564699 1.570796 2.841103 0.806410 1.894360 1.603528 1.602543 1.840708 1.381949 1.793868 1.705298 1.473154 
0 108.692680 232.716060 4.758947 0.047539 -0.609119 0.790990 0.032389 
5 0.613734 1.442898 0.703228 1.589017 0.861062 2.094218 0.754127 2.144013 1.789959 1.963689 1.811013 1.882088 1.782183 1.860954 1.859641 
0 81.463684 157.723717 110.125756 -0.476584 -0.161009 0.797713 -0.332563 
5 0.896771 1.457884 0.557229 1.482079 1.076320 1.946735 0.784834 1.354295 2.067277 1.818258 1.641137 1.624519 2.286180 2.336239 2.877928 
0 -106.315894 201.351561 142.231207 -0.389684 -0.092473 0.864011 0.305091 
5 0.645699 1.650995 0.564743 1.367888 0.619206 1.872592 0.653735 1.413503 1.833789 1.371827 1.775321 1.483534 1.435692 1.687116 2.127045 
0 28.324501 199.366683 234.517210 0.929350 -0.204202 0.277831 0.131983 
5 0.463923 1.400382 1.102984 2.655626 1.570796 2.568928 0.745467 1.748300 1.871592 1.624058 1.865171 1.371016 1.785091 1.580286 1.907844 
0 62.243682 222.528568 27.928285 0.676789 -0.717242 -0.144116 0.082164 
5 0.417035 1.410764 0.778015 2.612723 1.570796 2.698087 1.000756 2.003736 1.798724 1.842346 1.982942 2.115100 2.259884 2.243895 2.186182 
0 181.239366 195.304302 194.313166 0.569559 -0.198322 0.473969 -0.641579 
5 0.753582 1.806700 0.932326 1.933566 0.792917 1.841510 1.051496 1.895373 1.580205 2.063614 2.140780 2.111049 2.716183 2.291395 2.538619 
0 -56.886649 197.469646 165.273690 0.083068 -0.173126 -0.885026 -0.424094 
5 0.431709 1.348222 0.957836 1.595297 0.653829 1.867198 0.764854 1.730882 1.490645 1.642337 1.689349 1.900187 1.979177 2.093020 1.649058 
0 95.781223 190.107782 221.197699 0.150508 -0.297253 0.028852 -0.942420 
5 1.224373 1.697793 0.843064 1.727687 0.960651 1.921622 0.972614 1.654629 2.361231 2.137053 2.197330 1.957293 1.939532 1.646739 2.052318 
0 126.394594 142.050345 -9.518767 0.181919 -0.674616 -0.708155 -0.101566 
5 0.609406 1.367007 0.955979 2.605600 1.570796 2.720562 0.756064 1.721320 1.775152 1.381505 1.947727 2.066617 1.411797 2.036781 1.787043 
0 168.457877 149.690584 49.129332 -0.186964 -0.019078 -0.722943 0.664856 
5 0.874117 2.223427 1.040418 2.475381 1.570796 3.122237 1.478201 2.449558 2.166820 2.458887 2.327821 2.093726 2.176680 1.940673 2.051975 
0 -139.662916 189.186523 184.913711 0.951440 -0.238717 -0.188858 0.045931 
5 1.383802 2.131797 1.115639 1.924345 0.763202 2.358706 1.004050 1.787461 1.869913 2.595819 2.788272 2.646196 2.877236 2.745205 2.999453 
0 -120.704418 208.430666 191.429125 -0.184782 -0.111708 0.071425 0.973794 
5 0.487453 1.670793 0.585389 1.779172 0.965814 1.478801 0.940001 1.444007 2.150270 1.789298 1.689643 1.780350 2.011884 1.713838 1.814549 
0 -56.138855 144.059043 165.936655 0.331468 -0.114649 -0.790809 0.501603 
5 0.837890 1.569368 1.068906 2.002280 0.662582 1.459554 0.766482 2.275247 1.939779 1.716417 2.254672 2.194962 2.151196 2.934786 3.001166 
0 -107.538724 144.700937 186.412547 -0.267790 -0.021627 0.802106 -0.533335 
5 0.443153 1.341006 0.542362 1.554288 0.879618 1.361286 0.783480 1.731639 1.460559 1.857149 1.604940 1.630483 1.874645 1.879147 1.663803 
0 11.034424 220.781065 155.240950 -0.255847 -0.050941 0.883720 0.388570 
5 0.639730 1.397965 0.869582 2.635823 1.570796 2.626572 1.219026 1.602809 1.773474 2.766689 2.909798 3.141593 1.649976 1.997249 1.458899 
0 103.664783 132.390906 -27.026462 0.013848 -0.859011 -0.511732 0.006203 
5 0.869270 1.377845 0.655276 1.275464 0.409075 1.644086 0.588935 1.676514 1.257086 1.610030 1.621385 1.999395 2.545813 3.115699 3.012594 
0 135.499808 155.987859 -18.571293 0.135996 -0.503593 0.851266 -0.056964 
5 0.615952 1.256191 0.724912 1.824076 0.994039 2.098957 0.840964 1.831422 2.140753 1.556116 1.976741 1.601495 1.517280 1.960963 1.705713 
0 62.322487 204.069754 94.231454 0.637695 -0.035221 -0.735235 -0.227010 
5 1.189643 1.970305 0.838087 1.442515 1.228190 1.753714 1.025337 1.446524 2.054614 2.132375 2.460836 2.634429 1.926006 1.678729 2.112041 
0 -122.374230 204.362053 190.574415 -0.922809 -0.220101 0.120592 0.292294 
5 0.858679 1.385784 0.683209 2.654677 1.570796 2.572445 0.758105 2.004168 2.035804 1.417775 1.902322 1.911494 1.606572 1.797736 1.553983 
0 -65.138733 235.535689 172.006232 0.560722 -0.798172 0.089040 -0.201454 
5 0.846811 1.910658 0.711888 1.867398 0.633519 1.671121 1.570796 2.602307 2.841175 2.801664 2.882054 3.141593 3.141593 2.633520 2.717007 
0 -46.445949 150.121776 199.297790 0.331598 -0.365521 0.594979 -0.634379 
5 0.646828 1.659644 0.622934 1.416345 0.604152 1.491014 0.573743 1.683651 1.587062 1.606706 1.490726 1.803667 3.092549 2.695620 2.679792 
0 -29.687772 143.486688 189.706330 -0.808796 -0.402523 0.428561 0.012655 
5 0.820537 1.684928 0.801734 2.007100 0.621242 1.546161 1.179819 1.591888 1.897477 2.707828 3.083327 2.621236 3.141593 2.653307 2.649926 
0 154.760658 178.866668 150.209537 -0.215531 -0.968843 0.100974 0.068510 
5 0.820537 1.684928 0.801734 2.007100 0.621242 1.546161 1.179819 1.591888 1.897477 2.707828 3.083327 2.621236 3.141593 2.653307 2.649926 
0 154.760658 178.866668 150.209537 -0.215531 -0.968843 0.100974 0.068510 
5 0.737714 1.453455 0.737059 2.563680 1.570796 2.842718 0.705157 1.802828 1.901617 1.567672 1.949898 1.686506 1.865713 1.756699 1.506089 
0 117.720920 90.798426 28.006948 -0.658843 -0.607226 0.147094 -0.419006 
5 0.728789 2.318700 1.429750 2.685800 1.570796 2.485656 1.247559 2.255155 2.280610 2.158429 2.101418 2.136416 2.920086 2.891214 2.612449 
0 -116.518583 185.358103 175.439356 0.282665 -0.209356 0.925696 -0.139131 
5 0.583690 1.945862 0.529336 2.621211 1.570796 2.675748 1.032074 1.605554 1.690703 1.731941 1.680561 1.700747 1.914622 1.669251 1.619009 
0 66.713860 217.420736 8.716033 -0.604745 -0.433450 0.651380 0.148690 
5 0.497014 1.539215 0.485464 1.875466 0.973501 2.076429 0.892789 1.654076 2.122769 1.622333 1.816500 1.837421 1.735097 1.590216 1.887937 
0 75.645927 212.130874 138.080370 0.420435 -0.591530 0.225552 0.649964 
5 0.667801 1.486393 0.780968 2.617728 1.570796 2.677933 1.477864 1.857464 2.085730 1.761231 2.135751 1.883762 1.950075 2.312984 1.845335 
0 176.714986 200.250218 44.980895 0.456913 -0.143954 0.662582 -0.575755 
5 0.523799 1.841314 0.838816 1.580218 1.107742 1.580017 1.097273 1.506590 1.498478 1.872656 2.149990 1.556165 2.001059 1.770112 2.069250 
0 154.429216 199.681437 147.784288 0.659784 -0.064681 0.738012 0.125853 
5 1.051727 1.926603 1.482799 1.470545 1.544774 3.116028 1.064989 2.017709 2.145485 2.605627 3.086870 2.938312 2.905327 2.902595 2.621216 
0 -160.906486 155.385065 202.037735 -0.078072 -0.218519 -0.870615 0.433802 
5 0.802487 1.187817 0.549331 1.593158 0.744102 1.463317 0.669632 1.600617 1.731895 1.451875 1.337678 1.636408 1.554046 1.280798 1.502050 
0 117.829663 234.940381 155.522075 -0.180977 -0.147769 0.777818 0.583448 
5 0.842143 1.649538 0.636286 1.908722 0.694428 1.677986 0.803698 2.160810 1.941528 1.911128 2.038305 2.008658 2.056707 2.559283 2.584589 
0 -42.215831 178.112264 159.109121 0.022753 -0.130048 -0.990474 0.039126 
5 0.854180 1.269147 0.612488 1.442809 0.556140 1.456218 0.561642 1.810681 1.965448 2.894868 2.855076 2.846193 2.840753 2.844595 3.141593 
0 25.171941 138.893613 185.850607 0.228466 -0.332605 0.725100 -0.558039 
5 0.888867 1.355818 0.428132 2.707834 1.570796 2.424658 0.696460 1.414976 1.417947 1.459374 1.634736 1.876492 2.965495 2.830198 2.670573 
0 187.991457 141.476573 193.910051 0.276904 -0.179906 0.705894 -0.626636 
5 0.704280 1.987580 1.176775 2.733395 1.570796 2.351878 0.896546 1.414506 1.988347 1.748224 1.703086 1.289586 1.811844 1.337146 1.518885 
0 164.363557 180.528419 211.649486 -0.070985 -0.018440 -0.257814 0.963407 
5 1.205958 2.040255 0.797255 1.925874 0.708240 1.931676 0.637301 2.061752 2.101034 1.884932 2.127869 2.512116 2.841509 2.988519 2.529768 
0 -134.640170 162.788917 142.643901 -0.172852 -0.185906 0.964083 0.078139 
5 0.765021 2.029895 0.715495 1.658773 0.955903 2.188683 1.231025 2.366663 2.201562 2.733396 3.006243 2.829687 2.928621 2.814641 2.879236 
0 96.890091 238.318476 11.934748 0.422869 -0.171576 0.579233 0.675450 
5 1.176373 1.500643 0.814823 2.006989 0.971895 1.735879 1.248592 2.080138 1.860345 2.284534 2.177115 1.857021 2.081025 1.746212 1.880040 
0 -45.183013 226.967537 211.435819 0.320135 -0.500586 0.729645 0.338445 
5 0.773486 1.679901 0.882721 1.913927 1.199498 1.992954 1.156536 1.944240 1.804549 2.712800 2.956878 3.141593 2.988915 2.703764 3.139290 
0 -76.060609 197.947151 208.645510 -0.152780 -0.235587 -0.255128 -0.925239 
5 0.543216 1.560858 0.792630 2.588719 1.570796 2.771711 0.978729 1.858537 2.064506 1.886771 1.437261 1.372243 1.774140 2.487858 2.465547 
0 5.023568 124.844742 209.492089 0.096103 -0.372691 -0.475949 0.790784 
5 0.554491 1.485264 0.853717 2.578519 1.570796 2.797188 1.523357 2.789437 2.516535 2.178749 1.616467 1.917736 1.945190 2.069780 1.703742 
0 140.434264 134.884860 201.587867 0.118359 -0.282078 -0.432045 0.848387 
5 0.458578 1.474506 0.694114 1.515390 1.158163 1.695213 1.071468 1.870692 1.748877 2.929965 2.788713 2.991792 3.054438 2.652851 3.034162 
0 166.167900 183.171948 193.706342 -0.865359 -0.297858 -0.366413 -0.167854 
5 0.897358 1.981470 1.090227 2.490653 1.570796 3.083578 1.254911 1.468459 1.990501 1.985285 2.124773 2.229113 1.547259 2.052310 1.598416 
0 123.248625 123.900233 167.095807 -0.273385 -0.795575 -0.537102 -0.061992 
5 1.007180 1.938993 1.112121 1.987242 1.028384 1.707137 1.062852 1.989509 1.655130 2.260277 2.555004 2.229435 2.041748 2.211936 2.056211 
0 181.252055 149.850467 162.715289 -0.154214 -0.519690 -0.565891 -0.621215 
5 1.069324 1.391702 0.638708 2.668013 1.570796 2.529999 1.185943 1.252915 1.304603 2.789151 2.069346 2.678659 2.866362 2.906244 2.748459 
0 -148.176274 213.289319 193.578170 -0.072369 -0.641464 0.277049 0.711710 
5 1.242762 1.794873 0.707973 2.031865 0.714949 1.557368 0.860490 2.118855 1.484674 2.776838 2.901265 3.141593 1.842312 2.932086 3.141593 
0 173.467925 113.600101 68.713063 0.457726 -0.086049 -0.038670 0.884074 
5 0.574935 1.441013 0.746641 2.005097 0.871250 1.794140 0.922014 1.603642 2.004090 1.938622 1.788288 1.594742 1.894124 1.885952 1.790527 
0 146.150906 213.214518 171.756867 0.090810 -0.055322 -0.800612 -0.589672 
5 0.432050 1.581132 0.819757 1.977504 1.036504 2.189292 1.000595 1.588007 2.011291 1.825303 2.019028 1.656577 1.876666 1.943964 2.085610 
0 159.363868 207.666666 179.065037 0.009015 -0.189464 -0.706694 -0.681620 
5 1.180654 2.018240 0.491770 1.727527 1.085997 1.752435 0.966348 1.826279 1.889152 2.559141 2.196794 2.489050 1.760564 1.878871 1.539544 
0 61.659031 135.655071 70.035923 -0.162336 -0.856914 -0.162163 0.461572 
5 0.948051 1.518565 1.295263 2.627525 1.570796 2.650429 1.399644 2.052829 1.809282 2.691958 2.240774 2.536118 1.841694 1.926963 2.078165 
0 -25.439789 151.759975 224.583265 0.524740 -0.065768 0.302797 0.792866 
5 1.049466 1.954706 0.633413 2.386385 1.570796 3.141593 1.192290 1.449498 1.453947 2.495765 2.579607 2.388119 2.329530 2.682275 2.242084 
0 -143.021201 160.349955 201.609054 -0.982152 -0.012366 -0.092154 -0.163500 
5 0.558883 1.674206 0.717172 1.620937 0.443884 1.798975 1.089681 1.490574 1.197034 1.705355 1.530990 1.522644 1.952826 1.725748 1.358615 
0 -14.812915 199.910055 123.146236 0.132313 -0.617388 0.501355 -0.591582 
5 1.013097 2.064207 1.119896 1.828750 1.114381 2.098007 1.230546 1.682016 1.311242 2.234914 1.757689 2.263220 1.785487 1.635862 1.957828 
0 189.260476 215.496284 170.909288 -0.063254 -0.000443 0.743564 0.665667 
5 0.880537 1.901387 1.334100 2.109516 1.237884 1.758122 1.191258 1.959866 2.116867 2.020510 3.141593 3.141593 2.512957 2.772572 2.746705 
0 -137.056023 228.278934 164.345547 -0.184710 -0.795272 0.577104 -0.019385 
5 1.353505 1.722424 1.172905 1.991896 0.811943 1.726634 0.893547 1.933203 1.835140 2.425492 3.043154 3.141593 2.402546 2.448150 2.594708 
0 -143.952565 206.097265 154.607890 -0.363749 -0.917594 0.156549 -0.034628 
5 0.766371 1.411518 0.787630 2.702006 1.570796 2.444554 1.445951 2.443333 2.085979 2.044046 2.345268 1.835963 1.677516 1.765552 2.127778 
0 130.554882 241.068884 -0.340224 0.489083 -0.634902 0.050769 -0.595920 
5 0.792401 1.335863 0.472975 1.601920 0.900192 1.444969 0.773265 1.794496 2.178432 1.579180 1.937138 1.600502 1.856985 1.700687 1.554769 
0 -18.429228 155.648987 165.242618 0.145202 -0.050299 0.899228 -0.409605 
5 0.759641 1.840609 1.060244 1.585524 0.900683 1.856608 1.274086 2.234733 2.079191 2.918298 2.872808 2.680744 3.049509 2.638607 3.134975 
0 94.350132 237.535671 4.897342 0.322604 -0.804129 -0.140915 0.479006 
5 1.570796 2.600993 1.570796 1.787418 0.868433 2.467859 0.958109 1.449727 2.428675 2.055503 2.265991 1.997080 2.367217 1.843708 2.377596 
0 -125.600243 151.872681 213.164160 0.956532 -0.006815 0.138468 0.256567 
5 0.954542 1.768596 0.696816 2.580308 1.570796 2.792844 1.173837 1.794947 1.961895 2.232603 2.206324 1.768430 2.933158 2.790646 2.971117 
0 -143.775558 172.099933 214.373565 0.335370 -0.485343 -0.299882 0.749693 
5 0.495534 1.403868 0.684150 1.646203 0.833936 1.494290 0.812815 1.550057 2.148007 1.798857 1.850130 1.468998 2.097903 1.927684 1.992430 
0 5.845520 219.090805 200.542044 -0.009188 -0.176032 -0.496147 -0.850157 
5 0.490239 1.377441 0.860686 2.634932 1.570796 2.629619 1.118398 2.204418 2.233107 2.151424 1.899421 2.236074 1.806086 1.984820 1.936403 
0 -78.839093 172.580212 155.919709 0.077563 -0.987681 -0.134979 -0.015824 
5 1.250419 1.693263 0.641096 1.689912 1.283441 1.455143 0.974592 1.688613 1.799782 3.004223 2.685156 3.141593 2.281535 2.797666 2.190081 
0 -153.915253 199.934071 180.455902 0.058341 -0.993147 -0.094757 0.035733 
5 0.673375 1.455417 0.856799 1.717128 0.730382 1.770397 0.752420 1.535637 1.810662 1.635797 1.567427 1.940132 2.039253 1.702404 2.024884 
0 155.498402 177.949562 153.357445 -0.253959 -0.357521 -0.869099 -0.228800 
5 0.690121 1.329204 0.553744 1.991836 1.074856 1.711534 0.694202 2.144481 1.899743 1.581788 1.916360 1.880804 1.427601 2.123079 1.893280 
0 151.928304 213.407774 200.112840 -0.043388 -0.027685 0.438231 0.897388 
5 0.677362 1.251857 0.489368 2.791796 1.505425 2.613365 0.796224 1.735905 1.466117 1.778771 1.845679 1.460353 2.074085 1.684151 2.240334 
0 33.551396 165.440136 12.778096 0.390944 -0.722699 -0.399711 0.406325 
5 0.863205 2.056493 0.717058 1.955072 0.979608 1.695111 0.958796 2.027345 1.830814 2.769968 3.073391 2.470854 2.827007 2.867737 3.091744 
0 -78.547055 167.959544 157.593156 0.279424 -0.112243 0.943659 -0.137227 
5 0.472969 1.592047 1.271303 1.686382 1.080368 2.418915 0.959915 2.179182 1.829614 2.018969 2.357473 1.742505 2.109475 2.108325 2.121105 
0 -61.638791 186.520195 203.665892 0.978857 -0.060135 -0.029671 0.193243 
5 0.579008 1.601231 1.219377 1.991746 1.063418 1.467489 1.312077 1.608188 1.438065 2.290559 2.357986 2.155756 2.415231 2.777455 2.259759 
0 -70.376252 166.185647 187.535834 0.088119 -0.051642 -0.651342 0.751879 
5 0.548164 1.805770 0.637028 2.589797 1.570796 2.763753 1.101155 1.352358 1.855370 1.789120 1.838132 1.563630 1.905718 1.739560 1.546307 
0 159.262758 134.501882 32.016204 -0.369035 -0.565829 -0.297477 -0.674655 
5 0.704532 1.559499 0.863971 2.794346 1.570796 2.188362 0.752589 1.408082 1.785732 1.690228 1.948070 1.362506 2.676752 3.065704 2.782490 
0 74.107743 94.727062 21.539081 -0.126661 -0.435481 -0.683398 0.572085 
