5 1.016875 1.016875 1.016875 1.178125 1.178125 1.178125 1.030625 1.030625 1.030625 1.528750 1.528750 1.528750 1.544375 1.544375 1.544375 
0 129.821950 167.035354 131.631817 0.785106 0.004024 0.618734 -0.027582 
5 1.016875 1.016875 1.016875 1.178125 1.178125 1.178125 1.030625 1.030625 1.030625 1.528750 1.528750 1.528750 1.544375 1.544375 1.544375 
0 129.821950 167.035354 131.631817 0.785106 0.004024 0.618734 -0.027582 
5 1.093750 1.093750 1.093750 1.078750 1.078750 1.078750 0.932500 0.932500 0.932500 1.391875 1.391875 1.391875 1.409375 1.409375 1.409375 
0 133.973573 166.863914 132.685985 0.782331 -0.066074 0.618726 0.027759 
5 1.080000 1.080000 1.080000 1.090625 1.090625 1.090625 0.943750 0.943750 0.943750 1.408750 1.408750 1.408750 1.424375 1.424375 1.424375 
0 133.973470 166.863910 132.685890 0.783136 -0.055727 0.619039 0.019577 
5 1.050625 1.050625 1.050625 1.117500 1.117500 1.117500 0.969375 0.969375 0.969375 1.443750 1.443750 1.443750 1.459375 1.459375 1.459375 
0 133.973896 166.863939 132.686027 0.784401 -0.033515 0.619345 0.002029 
5 1.023750 1.023750 1.023750 1.143125 1.143125 1.143125 0.991250 0.991250 0.991250 1.476875 1.476875 1.476875 1.490625 1.490625 1.490625 
0 133.974021 166.863941 132.686010 0.785009 -0.012992 0.619186 -0.014167 
5 1.036250 1.036250 1.036250 1.154375 1.154375 1.154375 1.006875 1.006875 1.006875 1.495000 1.495000 1.495000 1.510000 1.510000 1.510000 
0 130.741061 166.865523 132.203331 0.785009 -0.012992 0.619186 -0.014167 
5 1.007813 1.007813 1.007813 1.192188 1.192188 1.192188 1.038438 1.038438 1.038438 1.542188 1.542188 1.542188 1.557188 1.557188 1.557188 
0 130.756721 169.747067 132.102624 0.785009 -0.012992 0.619186 -0.014167 
5 1.014063 1.014063 1.014063 1.176563 1.176563 1.176563 1.027813 1.027813 1.027813 1.529688 1.529688 1.529688 1.549688 1.549688 1.549688 
0 131.065093 168.915875 130.151624 0.785009 -0.012992 0.619186 -0.014167 
5 1.053750 1.376250 1.376250 0.528750 0.528750 1.636250 0.395000 0.395000 3.141593 1.446250 1.741250 1.741250 1.678750 1.678750 1.678750 
0 123.430536 201.714091 131.539997 0.556064 -0.457868 0.494968 0.485959 
5 1.020000 1.383750 1.383750 0.515000 0.515000 1.606250 0.670000 1.810000 1.810000 1.476250 1.732500 1.732500 1.690000 1.690000 1.690000 
0 123.512733 201.913588 129.405799 0.556064 -0.457868 0.494968 0.485959 
5 1.005000 1.386250 1.386250 0.510000 0.510000 1.611250 0.665000 1.806250 1.806250 1.491250 1.723750 1.723750 1.693750 1.693750 1.693750 
0 123.691910 201.999375 128.261281 0.556064 -0.457868 0.494968 0.485959 
5 0.984630 2.157175 0.355625 0.961250 0.961250 0.961250 0.458125 1.608750 1.608750 0.813125 1.718750 1.718750 0.948125 1.718750 1.718750 
0 117.029956 140.345682 120.793471 0.739942 0.200247 0.627919 -0.134552 
5 0.928125 0.928125 0.928125 1.191250 1.191250 1.191250 1.086875 1.086875 1.086875 1.629375 1.629375 1.629375 1.678125 1.678125 1.678125 
0 125.465104 155.920595 123.126327 0.739942 0.200247 0.627919 -0.134552 
5 0.877500 0.877500 0.877500 1.271875 1.271875 1.271875 1.141250 1.141250 1.141250 1.701875 1.701875 1.701875 1.733750 1.733750 1.733750 
0 126.465834 160.053990 131.039724 0.739942 0.200247 0.627919 -0.134552 
5 0.885000 0.885000 0.885000 1.308750 1.308750 1.308750 1.150000 1.150000 1.150000 1.701250 1.701250 1.701250 1.190000 1.190000 1.190000 
0 129.671776 170.025729 122.779935 0.779344 0.076470 0.610918 -0.116421 
5 0.841875 0.841875 0.841875 1.363750 1.363750 1.363750 1.184375 1.184375 1.184375 1.765000 1.765000 1.765000 1.271875 1.271875 1.271875 
0 130.776965 173.661607 122.707985 0.779344 0.076470 0.610918 -0.116421 
5 0.926563 0.926563 0.926563 1.282813 1.282813 1.282813 1.124688 1.124688 1.124688 1.651563 1.651563 1.651563 1.587813 1.587813 1.587813 
0 126.695769 167.416563 128.445823 0.779344 0.076470 0.610918 -0.116421 
5 0.940000 0.940000 0.940000 1.276875 1.276875 1.276875 1.097500 1.097500 1.097500 1.625625 1.625625 1.625625 1.576875 1.576875 1.576875 
0 131.558714 176.154118 128.788239 0.782578 -0.028227 0.620990 -0.033845 
5 0.805000 0.980000 0.980000 1.373125 1.373125 1.373125 1.156250 1.156250 1.156250 1.731875 1.731875 1.731875 1.736875 1.736875 1.736875 
0 131.663416 182.212941 128.262851 0.782578 -0.028227 0.620990 -0.033845 
5 0.888750 0.960000 0.960000 1.279375 1.279375 1.279375 1.068125 1.068125 1.068125 1.538125 1.538125 1.538125 0.853750 0.853750 0.853750 
0 131.010395 177.690935 125.095427 0.822895 -0.082710 0.551082 -0.110959 
5 0.350000 1.310000 1.310000 1.444375 1.444375 1.444375 1.280000 1.280000 1.280000 2.120625 2.120625 2.120625 2.870625 2.870625 2.870625 
0 131.014517 184.804931 122.727453 0.812096 0.139582 0.563233 0.061525 
5 0.875625 0.875625 0.875625 1.268750 1.268750 1.268750 1.171875 1.171875 1.171875 1.862500 1.862500 1.862500 1.877500 1.877500 1.877500 
0 131.370023 174.002221 119.774317 0.812096 0.139582 0.563233 0.061525 
5 0.788750 0.788750 0.788750 1.351875 1.351875 1.351875 1.228125 1.228125 1.228125 1.949375 1.949375 1.949375 1.846875 1.846875 1.846875 
0 131.370056 174.002219 119.774781 0.835979 0.184459 0.516707 -0.011299 
5 0.863125 0.863125 0.863125 1.310000 1.310000 1.310000 1.172500 1.172500 1.172500 1.821250 1.821250 1.821250 1.586250 1.586250 1.586250 
0 131.381808 175.019104 119.894632 0.833066 0.098417 0.544342 -0.002729 
5 0.460000 1.186250 1.186250 1.460938 1.460938 1.460938 1.259688 1.259688 1.259688 2.017188 2.017188 2.017188 1.775938 1.775938 1.775938 
0 132.275161 184.047910 121.316439 0.833066 0.098417 0.544342 -0.002729 
5 0.972500 0.972500 0.972500 1.138750 1.138750 1.138750 0.908750 0.908750 1.403750 0.825000 0.825000 0.825000 0.952500 0.952500 0.952500 
0 128.073200 158.559724 115.487123 0.814919 0.015391 0.526961 -0.240794 
5 0.968750 0.968750 0.968750 1.181250 1.181250 1.181250 0.873750 1.191250 1.191250 0.908750 0.908750 0.908750 0.856250 0.856250 0.856250 
0 122.854932 161.303381 128.553969 0.814919 0.015391 0.526961 -0.240794 
5 0.918125 0.918125 0.918125 1.258750 1.258750 1.258750 1.042500 1.042500 1.042500 1.263750 1.263750 1.263750 0.874375 0.874375 0.874375 
0 124.172084 166.614997 129.611482 0.814919 0.015391 0.526961 -0.240794 
5 0.948750 0.948750 0.948750 1.204375 1.204375 1.204375 1.043125 1.043125 1.043125 1.053125 1.053125 1.053125 0.905625 0.905625 0.905625 
0 132.855487 168.280402 116.260042 0.832287 -0.003710 0.543757 -0.107763 
5 0.978125 0.978125 0.978125 1.096875 1.096875 1.096875 0.930000 0.930000 0.930000 1.053125 1.053125 1.053125 1.165000 1.165000 1.165000 
0 145.318604 163.970268 123.548412 0.878922 -0.031906 0.461420 -0.116490 
5 0.994375 0.994375 0.994375 1.119375 1.119375 1.119375 0.947500 0.947500 0.947500 0.873750 0.873750 0.873750 1.056875 1.056875 1.056875 
0 133.454183 164.914507 122.781349 0.878922 -0.031906 0.461420 -0.116490 
5 0.995000 0.995000 0.995000 1.103750 1.103750 1.103750 0.959375 0.959375 0.959375 0.981250 0.981250 0.981250 0.976875 0.976875 0.976875 
0 140.292675 174.898653 120.408135 0.903071 -0.083365 0.420241 0.030176 
5 1.073125 1.073125 1.073125 1.081875 1.081875 1.081875 0.810000 1.211875 1.211875 1.388125 1.388125 1.388125 0.705000 0.705000 0.850000 
0 131.493428 161.640091 124.852536 0.797280 -0.028877 0.601109 -0.046675 
5 1.068750 1.068750 1.068750 1.030000 1.030000 1.030000 0.906250 0.906250 0.906250 1.051250 1.051250 1.051250 0.698750 0.698750 0.698750 
0 140.457318 159.815200 110.581542 0.797280 -0.028877 0.601109 -0.046675 
5 1.380000 1.380000 1.380000 0.617500 0.692500 1.110000 0.305000 1.255000 1.255000 0.492500 0.492500 0.562500 0.000000 1.030000 1.030000 
0 140.103046 137.514662 110.705832 0.797280 -0.028877 0.601109 -0.046675 
5 1.236250 1.236250 1.236250 0.565000 0.960000 0.960000 0.300000 1.411250 1.411250 0.075000 0.075000 3.141593 0.000000 1.110000 1.110000 
0 129.749426 141.941112 114.132754 0.799099 -0.038246 0.573528 -0.176194 
5 1.210000 1.210000 1.210000 0.587500 0.996250 0.996250 0.282500 1.502500 1.502500 0.337500 0.337500 1.682500 0.000000 0.887500 1.722500 
0 128.164276 143.859919 119.516782 0.799099 -0.038246 0.573528 -0.176194 
5 1.046250 1.046250 1.046250 1.123750 1.123750 1.123750 0.627500 1.527500 1.527500 1.106250 1.461250 1.461250 0.410000 0.735000 0.735000 
0 124.775001 160.251777 132.536102 0.799099 -0.038246 0.573528 -0.176194 
5 1.065625 1.065625 1.065625 1.030625 1.030625 1.030625 0.887500 1.048125 1.048125 1.453750 1.453750 1.453750 1.284375 1.284375 1.284375 
0 135.153918 157.021976 118.076486 0.804379 0.072976 0.589302 0.019295 
5 1.045938 1.045938 1.045938 1.047813 1.047813 1.047813 0.946250 0.946250 0.946250 1.447813 1.447813 1.447813 1.026250 1.026250 1.026250 
0 135.154143 157.021950 118.076521 0.825071 0.066788 0.560869 -0.014948 
