5 1.070625 1.070625 1.070625 1.197500 1.197500 1.197500 1.036875 1.036875 1.036875 1.524375 1.524375 1.524375 1.481250 1.481250 1.481250 
0 -78.703289 -11.619770 -23.308976 -0.389920 -0.510105 0.540507 0.543698 
5 1.013125 1.013125 1.013125 1.273750 1.273750 1.273750 1.090000 1.090000 1.090000 1.611250 1.611250 1.611250 1.567500 1.567500 1.567500 
0 -79.375582 -12.197339 -18.192993 -0.389920 -0.510105 0.540507 0.543698 
5 0.967500 0.967500 0.967500 1.376250 1.376250 1.376250 1.166875 1.166875 1.166875 1.696250 1.696250 1.696250 1.648750 1.648750 1.648750 
0 -94.063396 38.738784 -13.126296 -0.389920 -0.510105 0.540507 0.543698 
5 1.028750 1.028750 1.028750 1.331250 1.331250 1.331250 1.146250 1.146250 1.146250 1.778750 1.778750 1.778750 1.795000 1.795000 1.795000 
0 55.422108 72.117681 -9.853431 -0.051325 -0.076421 -0.684919 -0.722780 
5 1.131250 1.131250 1.131250 1.381250 1.381250 1.381250 1.163750 1.163750 1.163750 1.837500 1.837500 1.837500 1.810000 1.810000 1.810000 
0 52.903622 58.306526 -9.985787 -0.051325 -0.076421 -0.684919 -0.722780 
5 0.517500 1.511250 1.511250 2.001250 1.570796 2.001250 1.368750 1.368750 1.368750 2.238750 2.238750 2.238750 2.281250 2.281250 2.281250 
0 52.634913 53.385888 5.351320 -0.051325 -0.076421 -0.684919 -0.722780 
5 1.260625 1.260625 1.260625 1.211250 1.211250 1.211250 1.178750 1.178750 1.663125 1.323125 1.323125 1.323125 1.725625 1.725625 1.725625 
0 55.263776 63.987146 -2.244739 -0.052644 0.041567 0.446340 0.892346 
5 1.070625 1.070625 1.070625 1.197500 1.197500 1.197500 1.036875 1.036875 1.036875 1.524375 1.524375 1.524375 1.481250 1.481250 1.481250 
0 -78.703289 -11.619770 -23.308976 -0.389920 -0.510105 0.540507 0.543698 
5 1.013125 1.013125 1.013125 1.273750 1.273750 1.273750 1.090000 1.090000 1.090000 1.611250 1.611250 1.611250 1.567500 1.567500 1.567500 
0 -79.375582 -12.197339 -18.192993 -0.389920 -0.510105 0.540507 0.543698 
5 0.967500 0.967500 0.967500 1.376250 1.376250 1.376250 1.166875 1.166875 1.166875 1.696250 1.696250 1.696250 1.648750 1.648750 1.648750 
0 -94.063396 38.738784 -13.126296 -0.389920 -0.510105 0.540507 0.543698 
5 1.028750 1.028750 1.028750 1.331250 1.331250 1.331250 1.146250 1.146250 1.146250 1.778750 1.778750 1.778750 1.795000 1.795000 1.795000 
0 55.422108 72.117681 -9.853431 -0.051325 -0.076421 -0.684919 -0.722780 
5 1.131250 1.131250 1.131250 1.381250 1.381250 1.381250 1.163750 1.163750 1.163750 1.837500 1.837500 1.837500 1.810000 1.810000 1.810000 
0 52.903622 58.306526 -9.985787 -0.051325 -0.076421 -0.684919 -0.722780 
5 0.517500 1.511250 1.511250 2.001250 1.570796 2.001250 1.368750 1.368750 1.368750 2.238750 2.238750 2.238750 2.281250 2.281250 2.281250 
0 52.634913 53.385888 5.351320 -0.051325 -0.076421 -0.684919 -0.722780 
5 1.260625 1.260625 1.260625 1.211250 1.211250 1.211250 1.178750 1.178750 1.663125 1.323125 1.323125 1.323125 1.725625 1.725625 1.725625 
0 55.263776 63.987146 -2.244739 -0.052644 0.041567 0.446340 0.892346 
5 1.350625 1.350625 1.350625 1.020000 1.020000 1.020000 0.935000 0.935000 1.625625 1.508125 1.508125 1.508125 1.545625 1.545625 1.545625 
0 99.497770 73.956506 -9.466567 -0.052644 0.041567 0.446340 0.892346 
5 0.958125 0.958125 0.958125 1.370625 1.370625 1.370625 1.101250 1.101250 1.101250 1.630625 1.630625 1.630625 1.556875 1.556875 1.556875 
0 -13.059498 -42.891112 8.264376 0.409187 -0.528543 0.481553 -0.566847 
5 1.108125 1.108125 1.108125 1.225000 1.225000 1.225000 1.013750 1.013750 1.013750 1.541250 1.541250 1.541250 1.473750 1.473750 1.473750 
0 44.012324 1.986819 16.785557 0.258034 -0.340511 0.646441 -0.632128 
